1.3885055202667
-1.32339761144819
-2.22384274779199
-0.828464648581135
-1.01953023237414
-1.18648395179139
-1.81404323547918
0.947909863470331
-1.07804139998643
0.284243506810051
-2.52242102863143
-2.11479955947682
0.363628132572354
-0.650837306444477
-1.46009799255343
-1.42338991417501
-1.29284926963571
1.3487565425718
-1.54862820590249
-0.628531940331909
-0.997934093623234
1.4378410801351
-0.491750656366156
-0.591001293130912
0.778260534546906
-1.08269622776563
-0.877028090910036
0.104062289288783
0.119741525138338
-0.858110607074478
-1.34233568007726
-1.2185916417156
1.49888628908569
1.25771399663177
-1.68254558898729
-1.59321881802305
1.07804139998643
0.703090291584827
-1.49888628908569
-1.19704957791788
-1.29886228744074
0.21192207012033
-1.22957787643416
-1.7155355343665
-0.341520555900255
-0.388714036885255
-0.587911709236091
2.9320796909629
-1.36836079000675
-0.644431722621149
-1.08737463378783
-0.884683464684788
1.16574083750213
0.377535475633251
-0.399941385535326
1.8559894385846
0.634872574152732
0.503507349224116
0.161707914717526
-1.24634105196805
1.98739133758824
-1.90148085947567
-0.408395028146105
0.0441611310016353
0.485897801770281
-1.26925198797397
-0.0831956976043303
0.0701730253264159
1.0505892217282
-1.28096146910216
-0.436789985698884
-1.14548754476584
-1.34875654257179
-1.16063283666398
2.00646138396274
-0.193366631199679
-2.32741816387409
-1.6412231554992
-0.338769028444819
-2.6732954128076
-0.723182987188308
-0.254621050474621
-1.62157161294753
0.858110607074479
-0.900151996750806
-2.09110071636654
0.0962324949444529
-1.73861172851442
-1.96901778371413
-0.824810103834434
0.619068041283734
-1.130600544539
-2.19406094833748
0.00519376232911445
-0.803109543861759
0.311390525743637
-1.60252705805564
-0.536206861628224
-0.68000152309815
-1.36176781041186
0.25998960123107
-0.145941102334088
-0.91583897155551
1.39534720734293
0.533210904550782
-2.16610675289233
-2.02629031907276
-1.95128585284764
0.0675699889511535
0.314117559554091
-1.17087943696297
0.316846931374064
0.888530654054425
0.49762040510734
-0.907967554743956
-0.569490126960748
-2.0469495255419
-0.0962324949444529
0.219896418142604
-0.21192207012033
-2.25573832170915
-0.904052872958701
1.19175013509923
-0.530219725824228
-0.330529718637776
-1.05965124872535
-0.943847966046823
-0.25193953419457
1.31718927565344
-1.41627447988902
0.524251536208381
-0.1328299161499
-0.380325641763631
-0.494683400258249
-2.46432876267456
1.07340981412839
1.56609184351537
-0.25998960123107
0.0415618743206182
-1.13553492752203
-1.32965737888936
-0.196013186845166
-1.07340981412839
-2.29010859910767
-0.374748245539952
-1.56609184351537
-1.49094804499831
-0.743571984745546
-0.0389628984073901
-0.0858018552745272
0.716453332328964
-0.369182482520319
-0.135450255256195
-0.377535475633251
-0.600304157756049
-0.109285669019629
-0.854363897719813
0.657269707216332
-2.06852120651144
-1.27508487488235
0.877028090910036
1.87072605567638
0.206613346320771
-0.322312786696028
0.654050124094922
1.08269622776563
1.06421505770388
-0.548239324522558
0.276140985113784
0.670216946044342
0.821166541940993
0.278839785611355
0.542213280288093
-0.813911912715641
0.985196978457182
0.0493605571833443
1.49094804499831
1.22957787643416
0.71310065248138
1.73861172851442
-0.0623652717000095
1.36176781041186
1.1812504688822
3.21708521366806
0.518301961994527
1.11595998243082
0.0545613181315602
1.46009799255343
2.19406094833748
1.93414702867766
0.869423773288886
1.20238285376932
1.00221592877271
-0.289655540807434
-0.358084978322218
-1.16574083750213
0.347031400782903
0.289655540807434
1.7155355343665
0.322312786696028
0.109285669019629
-0.300505287586416
-0.161707914717526
0.235887699253078
1.22406629137953
-0.892391039618293
-1.28688263663998
-0.865640412203565
-0.198661116132374
-0.527233283552822
-0.615925731485794
0.993670476972743
0.327788288366423
-0.114512032190937
0.411219377230041
0.641238835617534
1.54862820590249
1.26346196747874
0.180153761981505
-0.177515031749745
-0.880849325041953
-0.462649469157616
1.21315327377836
1.02830303512135
-0.174877536960382
-0.316846931374064
-0.542213280288093
-0.835807150357797
0.0129847123140841
1.77506548059755
-0.968458705528219
1.72695868221674
-1.00651621796719
-0.219896418142604
0.114512032190937
-0.740152510898046
-0.397129873925436
-0.352552805082663
-0.474241594487202
-0.500561708721546
-0.093623897656633
-0.792400088002085
1.59321881802305
0.828464648581135
0.0988417472387569
1.58404660780759
0.806699868616122
0.563392602762715
0.500561708721546
-0.391516228590386
-0.477149549496688
-0.0519607619783753
0.736741669688004
0.209266971009723
0.341520555900255
-0.201310439073455
1.42338991417501
0.352552805082663
0.69645570790896
2.06852120651144
-0.767757206407562
-1.04161265819342
-0.619068041283734
-1.33596968667698
0.71981408486065
-0.563392602762715
-2.36827973952111
1.55730065747764
0.198661116132373
0.072776537267624
0.58791170923609
1.68254558898729
-1.8559894385846
-0.101451672641947
1.0371557007448
0.143316929503858
0.557315953890553
-0.551259815027426
2.16610675289233
-1.6313186372288
-1.93414702867766
-0.670216946044342
-3.21708521366805
0.222557619488439
-2.00646138396274
-0.314117559554091
-0.781780752765072
-1.04609040337179
-0.539207639325099
-0.71310065248138
-0.104062289288783
-1.03271925118298
0.0194777526878745
0.861869401347921
-0.524251536208381
0.273444194401698
-0.634872574152732
-0.072776537267624
-0.156448036455649
-0.308665805694934
-0.243905760964702
2.02629031907276
0.422549918675634
-0.203961175751314
-2.5905234374578
-0.509411794989412
-1.05510940447045
-1.02830303512135
-1.50692012665755
-1.43057815276995
-0.960190520364549
1.43057815276995
0.26805655214142
-0.985196978457182
-0.821166541940993
-0.305943375290562
-0.771248856190946
1.6412231554992
1.53162448981738
-0.689851639996207
-0.753883047357845
-1.98739133758824
0.536206861628224
-0.190721429253367
-0.557315953890553
-0.471337644246815
-1.02390678348553
-0.0285694503692979
1.82767017019217
1.60252705805564
1.18648395179139
1.52328616194531
0.0649674103367746
1.15050666677983
1.130600544539
0.465541616603233
-0.896264770144252
-0.788850430841679
-0.785310685531671
-0.657269707216332
0.127591954496374
-0.603416653543689
0.471337644246815
-0.262676679512152
0.2145786640302
0.880849325041953
2.13974930188495
2.22384274779199
0.960190520364549
-1.11113262535091
-0.257304398869143
-1.47534750771308
-1.12569353708442
-0.660496117876793
0.453996077764292
0.931754620662182
0.190721429253367
0.997934093623234
-0.69645570790896
-0.241231356540574
1.75050576624328
-1.17604914118306
0.884683464684789
0.892391039618293
-0.00259687240815906
2.59052343745779
1.29284926963571
1.65129134522055
1.90148085947567
1.23512706836797
2.52242102863143
1.96901778371413
0.366403894562044
-1.20238285376932
-0.989424847591211
-1.0371557007448
-0.515334053860466
0.968458705528219
0.572546833346463
0.111898468543093
-0.172241258126692
0.935770526901013
1.37501379121848
-0.416877957995407
0
0.980986646653707
0.743571984745546
0.135450255256195
-1.37501379121848
0.896264770144252
-0.594096528780399
-0.0181790876778887
0.554285343276531
0.380325641763631
0.468437663338362
1.81404323547918
0.956080948813133
-0.281540618578532
1.62157161294753
0.0910159373043511
0.0623652717000094
0.606535006024198
0.185435007029269
1.01517312292394
-0.0649674103367745
-0.347031400782903
-0.799529541811801
-0.843194991448897
0.201310439073455
0.0884085958472218
0.358084978322218
0.76080182068693
0.612789491675625
2.36827973952111
2.46432876267456
1.66152976226761
1.28688263663998
0.904052872958701
0.706419206959933
0.333273635243149
0.281540618578532
1.885880503764
1.44518065594112
1.67194537286464
-0.117126378273343
0.512370678114162
-0.806699868616121
-0.736741669688004
-1.21315327377836
-0.774749934169936
-0.584827727109146
-0.0988417472387569
-1.30492263775272
-0.2145786640302
-1.09680356209351
-0.521274442625109
-0.750437167389073
-0.747000175225968
0.781780752765072
0.225220397922594
-0.0129847123140841
1.6313186372288
-0.468437663338362
1.95128585284764
-0.506457365057821
-0.951987461003612
-0.363628132572353
-0.485897801770281
-1.38172821690261
0.0233739535910231
-0.182793747204201
-1.12081348621886
0.792400088002085
0.188077561132146
-0.276140985113784
0.203961175751314
1.03271925118298
-0.273444194401699
0.355317532391056
-0.673471301314651
0.399941385535326
1.11113262535091
0.843194991448897
-0.355317532391056
0.172241258126692
0.810300622326711
0.832130291698689
0.506457365057821
-0.647631192866432
0.300505287586416
0.803109543861759
-0.686560872430888
0.631699082661369
0.900151996750806
0.241231356540574
0.0311674792134344
0.723182987188308
0.397129873925436
-0.00779068727648924
0.419712250504936
0.591001293130912
0.436789985698884
0.482977616987349
0.581749297247617
0.246581911051799
1.30492263775272
1.01953023237414
0.416877957995407
1.12569353708442
0.488822135933752
0.907967554743956
0.873219620277113
1.40225483961546
0.943847966046823
-0.111898468543093
0.319578665583445
0.726560117356611
0.0363641856497052
0.597197466662964
0.521274442625109
0.459761186388792
0.764274891835599
0.91583897155551
1.10633102347678
0.854363897719813
0.551259815027426
0.151192483006361
0.254621050474621
0.462649469157616
-2.41352565019947
0.91979603130839
1.29886228744074
-1.31718927565344
0.813911912715641
0.0155818474431268
1.04161265819342
1.25200728187384
1.16063283666398
0.238558676399733
0.369182482520319
1.4525989191783
1.31103129781056
1.28096146910216
1.02390678348553
1.54007068906537
1.51505241945004
0.0597635552785221
0.330529718637776
2.6732954128076
0.414047010410628
-0.980986646653707
1.05965124872535
0.539207639325099
1.80074506086232
0.0936238976566328
1.12081348621886
-0.572546833346464
0.689851639996207
0.138071524719738
0.527233283552822
0.227884774218116
-0.325049319361332
-0.693149895090509
-0.233218403900758
0.117126378273343
0.673471301314651
0.428235506042883
-0.13938251417265
2.32741816387409
0.265365655764381
-1.82767017019217
2.25573832170915
0.140693743225248
0.122357491172724
-0.235887699253078
0.159077425449796
0.425390993462668
-0.344274671411907
1.14049711469806
0.374748245539952
0.338769028444819
-0.0597635552785221
0.68000152309815
1.20775055109339
0.292364732729851
1.17087943696296
1.2185916417156
-0.225220397922593
0.148566280542834
-0.265365655764381
-0.0363641856497052
1.27508487488235
1.04609040337179
-0.151192483006361
-0.278839785611356
1.13553492752203
0.939801581789071
-0.817533849003957
1.32339761144819
-0.703090291584827
-0.0259716143479332
-0.0207764505485349
-0.166972270682049
-0.581749297247616
-0.654050124094922
-0.459761186388792
-1.01517312292394
-0.497620405107339
-1.51505241945004
0.56643873234698
-0.402756062086287
-0.180153761981506
0.057162243330052
0.647631192866432
0.075380542602497
-1.4378410801351
-0.246581911051799
-0.699769149461149
-0.0415618743206182
-0.71981408486065
-0.62537109016701
-0.488822135933752
-0.4511191840061
-0.26805655214142
-1.19175013509923
-0.716453332328964
1.76265272927394
-0.729945554359294
-1.65129134522055
-1.66152976226761
-1.09207696158153
-1.15555494048476
-0.911896200592363
-1.14049711469806
-1.39534720734293
-1.01083520117954
0.0831956976043305
-0.56643873234698
1.47534750771308
-0.578676370626216
-0.91979603130839
-0.311390525743637
-0.22255761948844
-1.70433195491862
-1.80074506086232
-1.76265272927394
-0.597197466662964
-0.0233739535910231
-0.778260534546906
-0.757337902347833
-1.72695868221674
-0.676732804892716
-0.124974294803014
-1.4525989191783
-1.44518065594112
-1.54007068906537
-1.31103129781056
-1.53162448981739
-1.4831026575852
-0.839495343415442
-1.22406629137953
-0.923767546208633
-0.439648565758658
-0.706419206959933
-0.360855169465146
-1.06880114087214
-0.832130291698688
-0.73333937815575
-1.10633102347678
-1.25771399663177
-1.58404660780759
-1.3885055202667
-0.209266971009723
-1.46768008719778
-0.935770526901013
-0.956080948813133
-1.26346196747874
-0.947909863470332
0.295076072232894
0.767757206407562
0.028569450369298
2.09110071636654
1.15555494048476
0.62537109016701
-1.35523349760149
-0.927753685357425
-0.159077425449796
-0.333273635243149
-0.0337657184477759
0.233218403900758
0.25193953419457
0.729945554359294
0.1328299161499
0.305943375290563
-0.319578665583444
0.865640412203565
0.663729418824704
1.26925198797397
0.578676370626216
0.509411794989412
1.05510940447045
0.686560872430888
-1.52328616194531
1.14548754476584
1.10155479390848
1.40923003681437
-0.465541616603233
-0.0311674792134344
1.41627447988902
1.35523349760149
-0.533210904550782
-0.795959757656741
1.00651621796719
-0.230550769230862
-0.425390993462668
-0.106673615347281
0.8469062167906
0.491750656366156
1.46768008719778
-0.385914894156121
0.0077906872764891
-0.0155818474431267
0.753883047357845
-0.428235506042883
-0.518301961994527
-0.939801581789071
0.262676679512153
-0.726560117356611
0.799529541811801
0.774749934169936
0.177515031749745
0.124974294803015
-0.206613346320771
-0.453996077764292
0.683277523000346
-1.40923003681437
-0.503507349224117
-0.48297761698735
-0.127591954496374
0.164339523397053
-2.13974930188495
1.09207696158153
-1.55730065747764
-0.480061544994808
0.193366631199679
0.709755969122922
-0.931754620662182
-0.7642748918356
-0.0910159373043511
-0.709755969122922
-0.422549918675634
-0.249259828273465
-0.964316372501734
1.34233568007726
0.835807150357797
-0.119741525138338
-0.0884085958472216
0.0858018552745272
0.39432149797281
0.249259828273465
-0.217236773193587
-0.545223827547464
0.530219725824228
1.19704957791788
0.569490126960748
-0.336020063393482
0.243905760964702
0.431083487817771
-0.0675699889511535
0.699769149461149
1.50692012665755
0.817533849003957
1.08737463378783
0.433934970416483
0.474241594487202
1.17604914118306
0.196013186845166
0.0103876647655601
-1.91755819566852
-0.0779850591822754
1.38172821690261
0.747000175225968
0.923767546208633
0.106673615347281
0.0467606860759842
-2.9320796909629
-0.560351691902302
0.548239324522558
0.785310685531671
-0.238558676399733
-1.0505892217282
-0.666969673499792
0.750437167389073
0.270749390900064
0.391516228590386
1.69333830769321
0.560351691902302
-0.0493605571833443
0.609659267718004
1.4831026575852
0.4511191840061
0.00259687240815892
0.325049319361332
0.757337902347833
-1.885880503764
-0.13938251417265
-0.188077561132146
0.130210488761565
0.442510742926446
0.911896200592363
0.405573933061485
0.989424847591211
0.638052472402852
0.0194777526878745
-0.0545613181315602
-0.411219377230041
0.650837306444477
0.169606175822689
0.156448036455649
1.09680356209351
0.676732804892716
0.286948473212811
0.388714036885255
0.603416653543689
0.584827727109146
-0.0701730253264158
-0.227884774218116
0.480061544994808
0.217236773193587
0.976793633267482
0.600304157756049
0.850629143563917
-0.349790769969409
-2.77981392451975
-0.284243506810051
0.402756062086286
-1.25200728187384
-0.993670476972743
1.61197625473459
-0.8469062167906
1.32965737888936
-0.76080182068693
-1.15050666677983
1.33596968667698
0.101451672641948
-0.292364732729851
-0.442510742926446
-0.456876733951489
0.477149549496688
0.174877536960382
0.839495343415442
0.494683400258249
0.257304398869143
0.622216475759588
-0.683277523000346
0.0519607619783754
0.0779850591822754
0.795959757656741
0.371963923703413
-0.164339523397053
-1.40225483961546
-0.00519376232911445
0.972617723291092
0.033765718447776
-0.185435007029269
-1.1812504688822
-1.75050576624328
-1.69333830769321
-1.06421505770388
-0.622216475759588
-1.67194537286464
-0.383118771890777
-1.61197625473459
-0.295076072232894
-1.77506548059756
0.308665805694934
0.445376549773046
0.166972270682049
-0.512370678114162
-0.130210488761565
-0.303223210541705
0.740152510898046
0.153819728651299
0.344274671411907
-0.327788288366423
-0.143316929503858
0.336020063393482
0.575608898689801
0.515334053860466
-0.366403894562044
-0.080590104882589
-0.419712250504936
0.145941102334088
0.628531940331909
0.349790769969408
0.73333937815575
0.297789582687915
0.693149895090509
0.824810103834434
0.594096528780399
1.84164519551103
1.91755819566852
0.666969673499792
0.448246019112642
0.644431722621149
0.927753685357425
1.06880114087214
1.78775791252502
-1.10155479390848
-0.606535006024198
0.951987461003612
-0.861869401347921
-0.554285343276531
-1.57500575897071
-0.612789491675625
-0.869423773288886
-1.20775055109339
1.70433195491862
-0.609659267718004
-0.270749390900064
-0.641238835617534
0.0389628984073899
-1.24071455715842
2.77981392451975
2.11479955947682
-1.87072605567638
1.57500575897071
2.41352565019947
-0.148566280542834
-1.00221592877271
2.0469495255419
0.182793747204201
-0.972617723291092
0.45687673395149
0.439648565758658
0.080590104882589
-0.5756088986898
0.230550769230862
-0.431083487817771
-0.371963923703413
-0.169606175822689
0.303223210541705
0.408395028146105
0.025971614347933
-1.23512706836797
-0.976793633267482
-0.445376549773046
-0.405573933061485
-1.84164519551103
0.545223827547464
-0.28694847321281
-0.433934970416483
-0.638052472402852
-0.0467606860759841
-1.78775791252502
-0.0441611310016355
-0.873219620277113
0.615925731485794
0.660496117876793
-0.0571622433300521
-0.850629143563917
-1.11595998243082
-0.448246019112642
-0.39432149797281
0.385914894156121
-0.663729418824704
0.383118771890777
0.964316372501734
-0.414047010410628
0.360855169465146
-0.297789582687915
1.24071455715842
-0.810300622326711
-0.888530654054425
-0.153819728651299
-0.0103876647655599
1.24634105196805
1.36836079000675
0.771248856190946
2.29010859910767
-0.122357491172724
0.788850430841679
-0.0753805426024971
1.01083520117954
-0.63169908266137
